              precision    recall  f1-score   support

       akiec     0.3041    0.6618    0.4167        68
         bcc     0.5455    0.3000    0.3871       100
         bkl     0.3636    0.6244    0.4596       205
          df     0.1157    0.6364    0.1958        22
         mel     0.5047    0.2432    0.3283       222
          nv     0.9181    0.8056    0.8581      1363
        vasc     0.5714    0.5882    0.5797        34

    accuracy                         0.6897      2014
   macro avg     0.4747    0.5514    0.4608      2014
weighted avg     0.7622    0.6897    0.7089      2014
